img#	ramping parameter	th x center	thl x rms	th x particle number	th y center	thl y rms	th y particle number	BEC x center	BEC x rms	BEC x #	BEC y center	BEC y rms	BEC y #	total x #	total y #	density x #	Sum OD (counts)	th x center_frame1	th x rms_frame1	th x particle number_frame1	th y center_frame1	th y rms_frame1	th y particle number_frame1	#1/#2_x	#1/#2_y
598	0.0000000	0.2426308	0.0184273	4239.2533577	0.0851494	0.0187259	4630.2889566	0.0000000	0.0000000	0.0000000	0.0000000	0.0000000	0.0000000	4239.2533577	4630.2889566	0.0000000	0.0000000	5.2000000	27.0000000	0.0000130	371.0000000	28.5000000	24.0000000	70.0000000	6.0000000	17.0000000	0.0000000	3909.5438570	0.0000000	0.0000000	45.8650652	41.9916842
599	0.0000000	0.2431840	0.0186444	4367.4953317	0.0854581	0.0185206	4647.2937674	0.0000000	0.0000000	0.0000000	0.0000000	0.0000000	0.0000000	4367.4953317	4647.2937674	0.0000000	0.0000000	5.2000000	27.0000000	0.0000130	371.0000000	28.5000000	24.0000000	70.0000000	6.0000000	17.0000000	0.0000000	4074.5533186	0.0000000	0.0000000	45.9860639	43.2173926
600	0.0000000	0.2422665	0.0185530	4353.0798372	0.0844088	0.0188813	4796.6763264	0.0000000	0.0000000	0.0000000	0.0000000	0.0000000	0.0000000	4353.0798372	4796.6763264	0.0000000	0.0000000	5.2000000	27.0000000	0.0000130	371.0000000	28.5000000	24.0000000	70.0000000	6.0000000	17.0000000	0.0000000	4375.7990942	0.0000000	0.0000000	46.4520173	42.1561361
601	0.0000000	0.2425823	0.0184272	4240.1511005	0.0850270	0.0188724	4590.4792006	0.0000000	0.0000000	0.0000000	0.0000000	0.0000000	0.0000000	4240.1511005	4590.4792006	0.0000000	0.0000000	5.2000000	27.0000000	0.0000130	371.0000000	28.5000000	24.0000000	70.0000000	6.0000000	17.0000000	0.0000000	4165.5211973	0.0000000	0.0000000	44.9426173	41.5127659
602	0.0000000	0.2426412	0.0185048	4264.0574075	0.0849653	0.0188210	4828.4778720	0.0000000	0.0000000	0.0000000	0.0000000	0.0000000	0.0000000	4264.0574075	4828.4778720	0.0000000	0.0000000	5.2000000	27.0000000	0.0000130	371.0000000	28.5000000	24.0000000	70.0000000	6.0000000	17.0000000	0.0000000	4359.1676890	0.0000000	0.0000000	47.1681814	41.6545003
603	0.0000000	0.2427594	0.0184190	4365.0697016	0.0846821	0.0185557	4844.4545868	0.0000000	0.0000000	0.0000000	0.0000000	0.0000000	0.0000000	4365.0697016	4844.4545868	0.0000000	0.0000000	5.2000000	27.0000000	0.0000130	371.0000000	28.5000000	24.0000000	70.0000000	6.0000000	17.0000000	0.0000000	3610.1849583	0.0000000	0.0000000	48.6812121	43.8639439
604	0.0000000	0.2429046	0.0186151	4218.2937419	0.0851283	0.0188604	4587.7230620	0.0000000	0.0000000	0.0000000	0.0000000	0.0000000	0.0000000	4218.2937419	4587.7230620	0.0000000	0.0000000	5.2000000	27.0000000	0.0000130	371.0000000	28.5000000	24.0000000	70.0000000	6.0000000	17.0000000	0.0000000	4283.5996666	0.0000000	0.0000000	44.2797922	40.7141338
605	0.0000000	0.2430508	0.0182900	4232.7299661	0.0841454	0.0191138	4784.1656933	0.0000000	0.0000000	0.0000000	0.0000000	0.0000000	0.0000000	4232.7299661	4784.1656933	0.0000000	0.0000000	5.2000000	27.0000000	0.0000130	371.0000000	28.5000000	24.0000000	70.0000000	6.0000000	17.0000000	0.0000000	4058.3084901	0.0000000	0.0000000	46.4723621	41.1158334
606	0.0000000	0.2430168	0.0182478	4236.7663465	0.0847790	0.0186385	4636.7410638	0.0000000	0.0000000	0.0000000	0.0000000	0.0000000	0.0000000	4236.7663465	4636.7410638	0.0000000	0.0000000	5.2000000	27.0000000	0.0000130	371.0000000	28.5000000	24.0000000	70.0000000	6.0000000	17.0000000	0.0000000	4109.8502291	0.0000000	0.0000000	46.9364287	42.8875969
607	0.0000000	0.2428397	0.0183009	4207.1841251	0.0854278	0.0184832	4477.7137708	0.0000000	0.0000000	0.0000000	0.0000000	0.0000000	0.0000000	4207.1841251	4477.7137708	0.0000000	0.0000000	5.2000000	27.0000000	0.0000130	371.0000000	28.5000000	24.0000000	70.0000000	6.0000000	17.0000000	0.0000000	3959.3292366	0.0000000	0.0000000	45.6995432	42.9385179
608	0.0000000	0.2428235	0.0185657	4320.9968648	0.0850714	0.0189935	4592.7007146	0.0000000	0.0000000	0.0000000	0.0000000	0.0000000	0.0000000	4320.9968648	4592.7007146	0.0000000	0.0000000	5.2000000	27.0000000	0.0000130	371.0000000	28.5000000	24.0000000	70.0000000	6.0000000	17.0000000	0.0000000	3313.1629637	0.0000000	0.0000000	44.0376939	41.4324271
609	0.0000000	0.2429713	0.0186426	4288.7845335	0.0859023	0.0185977	4500.2014537	0.0000000	0.0000000	0.0000000	0.0000000	0.0000000	0.0000000	4288.7845335	4500.2014537	0.0000000	0.0000000	5.2000000	27.0000000	0.0000130	371.0000000	28.5000000	24.0000000	70.0000000	6.0000000	17.0000000	0.0000000	3724.3915330	0.0000000	0.0000000	44.2600160	42.1807055
610	0.0000000	0.2425965	0.0183159	4157.3711108	0.0849450	0.0186295	4616.9443148	0.0000000	0.0000000	0.0000000	0.0000000	0.0000000	0.0000000	4157.3711108	4616.9443148	0.0000000	0.0000000	5.2000000	27.0000000	0.0000130	371.0000000	28.5000000	24.0000000	70.0000000	6.0000000	17.0000000	0.0000000	3893.3351307	0.0000000	0.0000000	46.5090927	41.8795518
611	0.0000000	0.2426421	0.0182706	4193.7972458	0.0849325	0.0189629	4479.6470934	0.0000000	0.0000000	0.0000000	0.0000000	0.0000000	0.0000000	4193.7972458	4479.6470934	0.0000000	0.0000000	5.2000000	27.0000000	0.0000130	371.0000000	28.5000000	24.0000000	70.0000000	6.0000000	17.0000000	0.0000000	3632.3381754	0.0000000	0.0000000	44.1050083	41.2906326
612	0.0000000	0.2427799	0.0183727	4269.9274318	0.0849915	0.0187092	4630.3077655	0.0000000	0.0000000	0.0000000	0.0000000	0.0000000	0.0000000	4269.9274318	4630.3077655	0.0000000	0.0000000	5.2000000	27.0000000	0.0000130	371.0000000	28.5000000	24.0000000	70.0000000	6.0000000	17.0000000	0.0000000	3930.2056150	0.0000000	0.0000000	46.1314450	42.5410000
613	0.0000000	0.2426415	0.0184041	4402.1991264	0.0848084	0.0186415	4621.9823637	0.0000000	0.0000000	0.0000000	0.0000000	0.0000000	0.0000000	4402.1991264	4621.9823637	0.0000000	0.0000000	5.2000000	27.0000000	0.0000130	371.0000000	28.5000000	24.0000000	70.0000000	6.0000000	17.0000000	0.0000000	4117.9162595	0.0000000	0.0000000	46.1813212	43.9853197
614	0.0000000	0.2424690	0.0180581	4219.2611371	0.0845787	0.0188265	4772.4724502	0.0000000	0.0000000	0.0000000	0.0000000	0.0000000	0.0000000	4219.2611371	4772.4724502	0.0000000	0.0000000	5.2000000	27.0000000	0.0000130	371.0000000	28.5000000	24.0000000	70.0000000	6.0000000	17.0000000	0.0000000	4152.1369132	0.0000000	0.0000000	48.3405953	42.7370922
615	0.0000000	0.2430278	0.0183374	4323.7187394	0.0850225	0.0187118	4678.8066015	0.0000000	0.0000000	0.0000000	0.0000000	0.0000000	0.0000000	4323.7187394	4678.8066015	0.0000000	0.0000000	5.2000000	27.0000000	0.0000130	371.0000000	28.5000000	24.0000000	70.0000000	6.0000000	17.0000000	0.0000000	3960.1067690	0.0000000	0.0000000	46.7395558	43.1923588
616	0.0000000	0.2428040	0.0185706	4395.3101708	0.0846645	0.0188041	4622.5235236	0.0000000	0.0000000	0.0000000	0.0000000	0.0000000	0.0000000	4395.3101708	4622.5235236	0.0000000	0.0000000	5.2000000	27.0000000	0.0000130	371.0000000	28.5000000	24.0000000	70.0000000	6.0000000	17.0000000	0.0000000	3965.1643277	0.0000000	0.0000000	44.9771031	42.7663196
617	0.0000000	0.2428089	0.0181674	4287.6306092	0.0847329	0.0189379	4686.2607822	0.0000000	0.0000000	0.0000000	0.0000000	0.0000000	0.0000000	4287.6306092	4686.2607822	0.0000000	0.0000000	5.2000000	27.0000000	0.0000130	371.0000000	28.5000000	24.0000000	70.0000000	6.0000000	17.0000000	0.0000000	3979.0623365	0.0000000	0.0000000	46.6251579	42.6590545
618	0.0000000	0.2430249	0.0184623	4331.5009905	0.0847408	0.0188873	4542.9675554	0.0000000	0.0000000	0.0000000	0.0000000	0.0000000	0.0000000	4331.5009905	4542.9675554	0.0000000	0.0000000	5.2000000	27.0000000	0.0000130	371.0000000	28.5000000	24.0000000	70.0000000	6.0000000	17.0000000	0.0000000	3514.1071821	0.0000000	0.0000000	44.2980321	42.2360423
619	0.0000000	0.2428983	0.0183642	4326.9970214	0.0845683	0.0190265	4761.2205418	0.0000000	0.0000000	0.0000000	0.0000000	0.0000000	0.0000000	4326.9970214	4761.2205418	0.0000000	0.0000000	5.2000000	27.0000000	0.0000130	371.0000000	28.5000000	24.0000000	70.0000000	6.0000000	17.0000000	0.0000000	4182.7908795	0.0000000	0.0000000	46.2860335	42.0647452
620	0.0000000	0.2427180	0.0180880	4142.4644243	0.0852083	0.0185252	4658.1249194	0.0000000	0.0000000	0.0000000	0.0000000	0.0000000	0.0000000	4142.4644243	4658.1249194	0.0000000	0.0000000	5.2000000	27.0000000	0.0000130	371.0000000	28.5000000	24.0000000	70.0000000	6.0000000	17.0000000	0.0000000	4370.7946984	0.0000000	0.0000000	48.2182286	42.8804079
621	0.0000000	0.2424573	0.0185527	4281.5010453	0.0849145	0.0190845	4644.5018730	0.0000000	0.0000000	0.0000000	0.0000000	0.0000000	0.0000000	4281.5010453	4644.5018730	0.0000000	0.0000000	5.2000000	27.0000000	0.0000130	371.0000000	28.5000000	24.0000000	70.0000000	6.0000000	17.0000000	0.0000000	4333.9805103	0.0000000	0.0000000	44.2626335	40.8031941
622	0.0000000	0.2426745	0.0180538	4147.9238097	0.0847539	0.0186902	4632.4327873	0.0000000	0.0000000	0.0000000	0.0000000	0.0000000	0.0000000	4147.9238097	4632.4327873	0.0000000	0.0000000	5.2000000	27.0000000	0.0000130	371.0000000	28.5000000	24.0000000	70.0000000	6.0000000	17.0000000	0.0000000	4160.3544196	0.0000000	0.0000000	47.4533510	42.4901760
623	0.0000000	0.2421970	0.0180456	4236.8849179	0.0845465	0.0191610	4740.9188840	0.0000000	0.0000000	0.0000000	0.0000000	0.0000000	0.0000000	4236.8849179	4740.9188840	0.0000000	0.0000000	5.2000000	27.0000000	0.0000130	371.0000000	28.5000000	24.0000000	70.0000000	6.0000000	17.0000000	0.0000000	4049.0577882	0.0000000	0.0000000	46.8173309	41.8399150
624	0.0000000	0.2432813	0.0183938	4347.4863228	0.0850339	0.0184551	4553.8745504	0.0000000	0.0000000	0.0000000	0.0000000	0.0000000	0.0000000	4347.4863228	4553.8745504	0.0000000	0.0000000	5.2000000	27.0000000	0.0000130	371.0000000	28.5000000	24.0000000	70.0000000	6.0000000	17.0000000	0.0000000	3737.1453375	0.0000000	0.0000000	46.2304272	44.1351969
625	0.0000000	0.2431071	0.0180782	4309.5852090	0.0846599	0.0188041	4757.7448152	0.0000000	0.0000000	0.0000000	0.0000000	0.0000000	0.0000000	4309.5852090	4757.7448152	0.0000000	0.0000000	5.2000000	27.0000000	0.0000130	371.0000000	28.5000000	24.0000000	70.0000000	6.0000000	17.0000000	0.0000000	4102.8738811	0.0000000	0.0000000	48.1968810	43.6569370
626	0.0000000	0.2422113	0.0183184	4253.4235537	0.0853546	0.0186340	4661.3923489	0.0000000	0.0000000	0.0000000	0.0000000	0.0000000	0.0000000	4253.4235537	4661.3923489	0.0000000	0.0000000	5.2000000	27.0000000	0.0000130	371.0000000	28.5000000	24.0000000	70.0000000	6.0000000	17.0000000	0.0000000	3902.5656140	0.0000000	0.0000000	46.9307195	42.8233054
627	0.0000000	0.2423717	0.0181699	4219.6785076	0.0852091	0.0186627	4687.0587064	0.0000000	0.0000000	0.0000000	0.0000000	0.0000000	0.0000000	4219.6785076	4687.0587064	0.0000000	0.0000000	5.2000000	27.0000000	0.0000130	371.0000000	28.5000000	24.0000000	70.0000000	6.0000000	17.0000000	0.0000000	4108.3925959	0.0000000	0.0000000	47.6585814	42.9062029
628	0.0000000	0.2437480	0.0186426	4405.1764868	0.0850443	0.0187761	4696.2618401	0.0000000	0.0000000	0.0000000	0.0000000	0.0000000	0.0000000	4405.1764868	4696.2618401	0.0000000	0.0000000	5.2000000	27.0000000	0.0000130	371.0000000	28.5000000	24.0000000	70.0000000	6.0000000	17.0000000	0.0000000	3978.7830638	0.0000000	0.0000000	45.5320404	42.7098574
629	0.0000000	0.2433335	0.0183132	4293.9639111	0.0847892	0.0188633	4729.4331789	0.0000000	0.0000000	0.0000000	0.0000000	0.0000000	0.0000000	4293.9639111	4729.4331789	0.0000000	0.0000000	5.2000000	27.0000000	0.0000130	371.0000000	28.5000000	24.0000000	70.0000000	6.0000000	17.0000000	0.0000000	4180.7656261	0.0000000	0.0000000	46.7699240	42.4635169
630	0.0000000	0.2431287	0.0183768	4355.6641611	0.0850827	0.0188178	4729.8464013	0.0000000	0.0000000	0.0000000	0.0000000	0.0000000	0.0000000	4355.6641611	4729.8464013	0.0000000	0.0000000	5.2000000	27.0000000	0.0000130	371.0000000	28.5000000	24.0000000	70.0000000	6.0000000	17.0000000	0.0000000	4468.7214298	0.0000000	0.0000000	46.7003914	43.0058830
631	0.0000000	0.2426899	0.0183999	4273.6308623	0.0852513	0.0186696	4666.1879529	0.0000000	0.0000000	0.0000000	0.0000000	0.0000000	0.0000000	4273.6308623	4666.1879529	0.0000000	0.0000000	5.2000000	27.0000000	0.0000130	371.0000000	28.5000000	24.0000000	70.0000000	6.0000000	17.0000000	0.0000000	4015.9323481	0.0000000	0.0000000	46.5336677	42.6188830
632	0.0000000	0.2424923	0.0184097	4209.8814276	0.0854003	0.0186786	4602.1280814	0.0000000	0.0000000	0.0000000	0.0000000	0.0000000	0.0000000	4209.8814276	4602.1280814	0.0000000	0.0000000	5.2000000	27.0000000	0.0000130	371.0000000	28.5000000	24.0000000	70.0000000	6.0000000	17.0000000	0.0000000	3949.8850135	0.0000000	0.0000000	45.8249209	41.9191904
633	0.0000000	0.2439134	0.0185653	4383.0186256	0.0851861	0.0187580	4775.6412537	0.0000000	0.0000000	0.0000000	0.0000000	0.0000000	0.0000000	4383.0186256	4775.6412537	0.0000000	0.0000000	5.2000000	27.0000000	0.0000130	371.0000000	28.5000000	24.0000000	70.0000000	6.0000000	17.0000000	0.0000000	4598.3474786	0.0000000	0.0000000	46.6580411	42.8221159
634	0.0000000	0.2434615	0.0185603	4319.1078940	0.0849804	0.0189646	4707.1209688	0.0000000	0.0000000	0.0000000	0.0000000	0.0000000	0.0000000	4319.1078940	4707.1209688	0.0000000	0.0000000	5.2000000	27.0000000	0.0000130	371.0000000	28.5000000	24.0000000	70.0000000	6.0000000	17.0000000	0.0000000	4066.8843839	0.0000000	0.0000000	45.2576284	41.5269931
635	0.0000000	0.2422100	0.0182334	4282.6489283	0.0851704	0.0188488	4708.2752516	0.0000000	0.0000000	0.0000000	0.0000000	0.0000000	0.0000000	4282.6489283	4708.2752516	0.0000000	0.0000000	5.2000000	27.0000000	0.0000130	371.0000000	28.5000000	24.0000000	70.0000000	6.0000000	17.0000000	0.0000000	3866.9075191	0.0000000	0.0000000	46.9207455	42.6791276
636	0.0000000	0.2427329	0.0182603	4195.2037624	0.0852392	0.0186314	4529.9951531	0.0000000	0.0000000	0.0000000	0.0000000	0.0000000	0.0000000	4195.2037624	4529.9951531	0.0000000	0.0000000	5.2000000	27.0000000	0.0000130	371.0000000	28.5000000	24.0000000	70.0000000	6.0000000	17.0000000	0.0000000	3798.4545050	0.0000000	0.0000000	45.8351798	42.4477096
637	0.0000000	0.2425203	0.0179098	4212.9206714	0.0851325	0.0187624	4585.4415348	0.0000000	0.0000000	0.0000000	0.0000000	0.0000000	0.0000000	4212.9206714	4585.4415348	0.0000000	0.0000000	5.2000000	27.0000000	0.0000130	371.0000000	28.5000000	24.0000000	70.0000000	6.0000000	17.0000000	0.0000000	4001.5642253	0.0000000	0.0000000	47.2655432	43.4256947
638	0.0000000	0.2423852	0.0180348	4323.0826538	0.0853958	0.0187490	4649.6189740	0.0000000	0.0000000	0.0000000	0.0000000	0.0000000	0.0000000	4323.0826538	4649.6189740	0.0000000	0.0000000	5.2000000	27.0000000	0.0000130	371.0000000	28.5000000	24.0000000	70.0000000	6.0000000	17.0000000	0.0000000	3870.2254042	0.0000000	0.0000000	47.4805921	44.1460957
639	0.0000000	0.2429218	0.0180545	4221.4143462	0.0853005	0.0185903	4543.4436068	0.0000000	0.0000000	0.0000000	0.0000000	0.0000000	0.0000000	4221.4143462	4543.4436068	0.0000000	0.0000000	5.2000000	27.0000000	0.0000130	371.0000000	28.5000000	24.0000000	70.0000000	6.0000000	17.0000000	0.0000000	4043.5237948	0.0000000	0.0000000	46.9142295	43.5890524
640	0.0000000	0.2429036	0.0182932	4291.6259331	0.0852892	0.0185362	4656.7730413	0.0000000	0.0000000	0.0000000	0.0000000	0.0000000	0.0000000	4291.6259331	4656.7730413	0.0000000	0.0000000	5.2000000	27.0000000	0.0000130	371.0000000	28.5000000	24.0000000	70.0000000	6.0000000	17.0000000	0.0000000	4025.0780568	0.0000000	0.0000000	47.3531739	43.6401146
641	0.0000000	0.2432048	0.0183729	4283.3647640	0.0851545	0.0186351	4629.3476631	0.0000000	0.0000000	0.0000000	0.0000000	0.0000000	0.0000000	4283.3647640	4629.3476631	0.0000000	0.0000000	5.2000000	27.0000000	0.0000130	371.0000000	28.5000000	24.0000000	70.0000000	6.0000000	17.0000000	0.0000000	3911.9918368	0.0000000	0.0000000	46.3966162	42.9290789
642	0.0000000	0.2429106	0.0183110	4322.0709232	0.0852557	0.0186366	4705.7984080	0.0000000	0.0000000	0.0000000	0.0000000	0.0000000	0.0000000	4322.0709232	4705.7984080	0.0000000	0.0000000	5.2000000	27.0000000	0.0000130	371.0000000	28.5000000	24.0000000	70.0000000	6.0000000	17.0000000	0.0000000	4107.5113119	0.0000000	0.0000000	47.3961697	43.5313180
643	0.0000000	0.2431346	0.0183272	4311.9612877	0.0847992	0.0187882	4664.4880632	0.0000000	0.0000000	0.0000000	0.0000000	0.0000000	0.0000000	4311.9612877	4664.4880632	0.0000000	0.0000000	5.2000000	27.0000000	0.0000130	371.0000000	28.5000000	24.0000000	70.0000000	6.0000000	17.0000000	0.0000000	4044.4433026	0.0000000	0.0000000	46.3514628	42.8483706
644	0.0000000	0.2429032	0.0179022	4188.1091758	0.0847476	0.0185500	4577.2573551	0.0000000	0.0000000	0.0000000	0.0000000	0.0000000	0.0000000	4188.1091758	4577.2573551	0.0000000	0.0000000	5.2000000	27.0000000	0.0000130	371.0000000	28.5000000	24.0000000	70.0000000	6.0000000	17.0000000	0.0000000	4050.9725890	0.0000000	0.0000000	48.0241530	43.9412470
645	0.0000000	0.2438894	0.0184546	4373.4282649	0.0851421	0.0189241	4721.5431694	0.0000000	0.0000000	0.0000000	0.0000000	0.0000000	0.0000000	4373.4282649	4721.5431694	0.0000000	0.0000000	5.2000000	27.0000000	0.0000130	371.0000000	28.5000000	24.0000000	70.0000000	6.0000000	17.0000000	0.0000000	3955.9156696	0.0000000	0.0000000	45.9339278	42.5472628
646	0.0000000	0.2432425	0.0183785	4370.0482785	0.0851261	0.0188878	4768.8442265	0.0000000	0.0000000	0.0000000	0.0000000	0.0000000	0.0000000	4370.0482785	4768.8442265	0.0000000	0.0000000	5.2000000	27.0000000	0.0000130	371.0000000	28.5000000	24.0000000	70.0000000	6.0000000	17.0000000	0.0000000	3962.4843602	0.0000000	0.0000000	46.8172942	42.9021848
647	0.0000000	0.2426913	0.0184340	4322.3733177	0.0852495	0.0184937	4692.4565381	0.0000000	0.0000000	0.0000000	0.0000000	0.0000000	0.0000000	4322.3733177	4692.4565381	0.0000000	0.0000000	5.2000000	27.0000000	0.0000130	371.0000000	28.5000000	24.0000000	70.0000000	6.0000000	17.0000000	0.0000000	4362.8916988	0.0000000	0.0000000	47.3332224	43.6001604
648	0.0000000	0.2433298	0.0183999	4353.3945432	0.0853180	0.0186730	4724.0150059	0.0000000	0.0000000	0.0000000	0.0000000	0.0000000	0.0000000	4353.3945432	4724.0150059	0.0000000	0.0000000	5.2000000	27.0000000	0.0000130	371.0000000	28.5000000	24.0000000	70.0000000	6.0000000	17.0000000	0.0000000	3955.4087729	0.0000000	0.0000000	47.0973484	43.4023472
649	0.0000000	0.2430933	0.0182739	4357.0569669	0.0852746	0.0187496	4699.5201398	0.0000000	0.0000000	0.0000000	0.0000000	0.0000000	0.0000000	4357.0569669	4699.5201398	0.0000000	0.0000000	5.2000000	27.0000000	0.0000130	371.0000000	28.5000000	24.0000000	70.0000000	6.0000000	17.0000000	0.0000000	4255.0518896	0.0000000	0.0000000	47.0489116	43.6203659
650	0.0000000	0.2421988	0.0181241	4147.2363515	0.0851732	0.0185641	4508.0375997	0.0000000	0.0000000	0.0000000	0.0000000	0.0000000	0.0000000	4147.2363515	4508.0375997	0.0000000	0.0000000	5.2000000	27.0000000	0.0000130	371.0000000	28.5000000	24.0000000	70.0000000	6.0000000	17.0000000	0.0000000	3441.3731454	0.0000000	0.0000000	46.3789376	42.6669946
651	0.0000000	0.2427756	0.0182989	4275.3436042	0.0856027	0.0185613	4567.2360509	0.0000000	0.0000000	0.0000000	0.0000000	0.0000000	0.0000000	4275.3436042	4567.2360509	0.0000000	0.0000000	5.2000000	27.0000000	0.0000130	371.0000000	28.5000000	24.0000000	70.0000000	6.0000000	17.0000000	0.0000000	3951.6409556	0.0000000	0.0000000	46.3268722	43.3661179
652	0.0000000	0.2424414	0.0183267	4302.8852761	0.0850969	0.0187830	4655.8223268	0.0000000	0.0000000	0.0000000	0.0000000	0.0000000	0.0000000	4302.8852761	4655.8223268	0.0000000	0.0000000	5.2000000	27.0000000	0.0000130	371.0000000	28.5000000	24.0000000	70.0000000	6.0000000	17.0000000	0.0000000	4156.2121082	0.0000000	0.0000000	46.2861885	42.7774397
653	0.0000000	0.2433422	0.0184675	4337.2317456	0.0853304	0.0187580	4657.2021759	0.0000000	0.0000000	0.0000000	0.0000000	0.0000000	0.0000000	4337.2317456	4657.2021759	0.0000000	0.0000000	5.2000000	27.0000000	0.0000130	371.0000000	28.5000000	24.0000000	70.0000000	6.0000000	17.0000000	0.0000000	4375.7178227	0.0000000	0.0000000	45.8630889	42.7120914
654	0.0000000	0.2434760	0.0185544	4301.8409022	0.0847488	0.0190161	4707.3670692	0.0000000	0.0000000	0.0000000	0.0000000	0.0000000	0.0000000	4301.8409022	4707.3670692	0.0000000	0.0000000	5.2000000	27.0000000	0.0000130	371.0000000	28.5000000	24.0000000	70.0000000	6.0000000	17.0000000	0.0000000	3976.2572076	0.0000000	0.0000000	45.0981103	41.2130375
655	0.0000000	0.2429065	0.0183658	4227.0574874	0.0853043	0.0186088	4590.0404662	0.0000000	0.0000000	0.0000000	0.0000000	0.0000000	0.0000000	4227.0574874	4590.0404662	0.0000000	0.0000000	5.2000000	27.0000000	0.0000130	371.0000000	28.5000000	24.0000000	70.0000000	6.0000000	17.0000000	0.0000000	4120.0692832	0.0000000	0.0000000	46.1271301	42.4793707
656	0.0000000	0.2431225	0.0186316	4355.3626403	0.0853226	0.0186534	4697.0702259	0.0000000	0.0000000	0.0000000	0.0000000	0.0000000	0.0000000	4355.3626403	4697.0702259	0.0000000	0.0000000	5.2000000	27.0000000	0.0000130	371.0000000	28.5000000	24.0000000	70.0000000	6.0000000	17.0000000	0.0000000	3966.5343742	0.0000000	0.0000000	46.0303642	42.6816971
657	0.0000000	0.2432565	0.0185646	4345.1886659	0.0852880	0.0187583	4743.4632240	0.0000000	0.0000000	0.0000000	0.0000000	0.0000000	0.0000000	4345.1886659	4743.4632240	0.0000000	0.0000000	5.2000000	27.0000000	0.0000130	371.0000000	28.5000000	24.0000000	70.0000000	6.0000000	17.0000000	0.0000000	4178.8408007	0.0000000	0.0000000	46.3452942	42.4540125
658	0.0000000	0.2431475	0.0183898	4309.8748815	0.0853199	0.0185890	4633.1676095	0.0000000	0.0000000	0.0000000	0.0000000	0.0000000	0.0000000	4309.8748815	4633.1676095	0.0000000	0.0000000	5.2000000	27.0000000	0.0000130	371.0000000	28.5000000	24.0000000	70.0000000	6.0000000	17.0000000	0.0000000	3775.4921242	0.0000000	0.0000000	46.5433936	43.2956931
659	0.0000000	0.2423237	0.0181910	4219.2045932	0.0849339	0.0185363	4521.3061350	0.0000000	0.0000000	0.0000000	0.0000000	0.0000000	0.0000000	4219.2045932	4521.3061350	0.0000000	0.0000000	5.2000000	27.0000000	0.0000130	371.0000000	28.5000000	24.0000000	70.0000000	6.0000000	17.0000000	0.0000000	3995.2092273	0.0000000	0.0000000	46.3633668	43.2654910
660	0.0000000	0.2430258	0.0183489	4205.5773066	0.0856713	0.0186795	4563.4831965	0.0000000	0.0000000	0.0000000	0.0000000	0.0000000	0.0000000	4205.5773066	4563.4831965	0.0000000	0.0000000	5.2000000	27.0000000	0.0000130	371.0000000	28.5000000	24.0000000	70.0000000	6.0000000	17.0000000	0.0000000	3552.5144550	0.0000000	0.0000000	45.6627870	42.0815357
661	0.0000000	0.2432528	0.0182940	4308.6723900	0.0849005	0.0188841	4713.2625641	0.0000000	0.0000000	0.0000000	0.0000000	0.0000000	0.0000000	4308.6723900	4713.2625641	0.0000000	0.0000000	5.2000000	27.0000000	0.0000130	371.0000000	28.5000000	24.0000000	70.0000000	6.0000000	17.0000000	0.0000000	4201.1141957	0.0000000	0.0000000	46.6062749	42.6055555
662	0.0000000	0.2430786	0.0183925	4344.3761023	0.0852340	0.0189254	4740.1435018	0.0000000	0.0000000	0.0000000	0.0000000	0.0000000	0.0000000	4344.3761023	4740.1435018	0.0000000	0.0000000	5.2000000	27.0000000	0.0000130	371.0000000	28.5000000	24.0000000	70.0000000	6.0000000	17.0000000	0.0000000	4067.2343050	0.0000000	0.0000000	46.3439722	42.4745887
663	0.0000000	0.2426664	0.0182159	4263.1952793	0.0853136	0.0187086	4614.4807763	0.0000000	0.0000000	0.0000000	0.0000000	0.0000000	0.0000000	4263.1952793	4614.4807763	0.0000000	0.0000000	5.2000000	27.0000000	0.0000130	371.0000000	28.5000000	24.0000000	70.0000000	6.0000000	17.0000000	0.0000000	4072.6732737	0.0000000	0.0000000	46.5709906	43.0256917
664	0.0000000	0.2425154	0.0184792	4257.6052743	0.0854337	0.0186672	4616.1883058	0.0000000	0.0000000	0.0000000	0.0000000	0.0000000	0.0000000	4257.6052743	4616.1883058	0.0000000	0.0000000	5.2000000	27.0000000	0.0000130	371.0000000	28.5000000	24.0000000	70.0000000	6.0000000	17.0000000	0.0000000	3657.8834914	0.0000000	0.0000000	45.7475031	42.1938616
665	0.0000000	0.2433239	0.0181097	4227.9085984	0.0856806	0.0186669	4606.5035440	0.0000000	0.0000000	0.0000000	0.0000000	0.0000000	0.0000000	4227.9085984	4606.5035440	0.0000000	0.0000000	5.2000000	27.0000000	0.0000130	371.0000000	28.5000000	24.0000000	70.0000000	6.0000000	17.0000000	0.0000000	3762.7184530	0.0000000	0.0000000	47.0572364	43.1897408
666	0.0000000	0.2431458	0.0185232	4353.4626988	0.0851809	0.0187331	4710.2808779	0.0000000	0.0000000	0.0000000	0.0000000	0.0000000	0.0000000	4353.4626988	4710.2808779	0.0000000	0.0000000	5.2000000	27.0000000	0.0000130	371.0000000	28.5000000	24.0000000	70.0000000	6.0000000	17.0000000	0.0000000	4312.1179426	0.0000000	0.0000000	46.2687573	42.7637575
667	0.0000000	0.2433297	0.0181512	4330.5112984	0.0852539	0.0188939	4754.1064051	0.0000000	0.0000000	0.0000000	0.0000000	0.0000000	0.0000000	4330.5112984	4754.1064051	0.0000000	0.0000000	5.2000000	27.0000000	0.0000130	371.0000000	28.5000000	24.0000000	70.0000000	6.0000000	17.0000000	0.0000000	4193.2088268	0.0000000	0.0000000	47.5289078	43.2940399
668	0.0000000	0.2417851	0.0181039	4300.7561521	0.0850816	0.0184011	4519.0148444	0.0000000	0.0000000	0.0000000	0.0000000	0.0000000	0.0000000	4300.7561521	4519.0148444	0.0000000	0.0000000	5.2000000	27.0000000	0.0000130	371.0000000	28.5000000	24.0000000	70.0000000	6.0000000	17.0000000	0.0000000	3671.3618640	0.0000000	0.0000000	47.1900269	44.9108502
669	0.0000000	0.2438174	0.0180554	3545.2989681	0.0854932	0.0186270	3936.7299986	0.0000000	0.0000000	0.0000000	0.0000000	0.0000000	0.0000000	3545.2989681	3936.7299986	0.0000000	0.0000000	5.2000000	27.0000000	0.0000130	371.0000000	28.5000000	24.0000000	70.0000000	6.0000000	17.0000000	0.0000000	2739.8686933	0.0000000	0.0000000	40.5264990	36.4969290
670	0.0000000	0.2428581	0.0180972	4317.8154488	0.0855235	0.0187936	4762.6136118	0.0000000	0.0000000	0.0000000	0.0000000	0.0000000	0.0000000	4317.8154488	4762.6136118	0.0000000	0.0000000	5.2000000	27.0000000	0.0000130	371.0000000	28.5000000	24.0000000	70.0000000	6.0000000	17.0000000	0.0000000	3815.6954083	0.0000000	0.0000000	48.2106139	43.7080457
671	0.0000000	0.2429162	0.0185356	4348.1714679	0.0857404	0.0183077	4736.9194363	0.0000000	0.0000000	0.0000000	0.0000000	0.0000000	0.0000000	4348.1714679	4736.9194363	0.0000000	0.0000000	5.2000000	27.0000000	0.0000130	371.0000000	28.5000000	24.0000000	70.0000000	6.0000000	17.0000000	0.0000000	3801.6570839	0.0000000	0.0000000	48.1134698	44.1649091
672	0.0000000	0.2426275	0.0183284	4290.6248144	0.0854403	0.0188050	4628.9114594	0.0000000	0.0000000	0.0000000	0.0000000	0.0000000	0.0000000	4290.6248144	4628.9114594	0.0000000	0.0000000	5.2000000	27.0000000	0.0000130	371.0000000	28.5000000	24.0000000	70.0000000	6.0000000	17.0000000	0.0000000	3918.4560563	0.0000000	0.0000000	45.9319792	42.5752126
673	0.0000000	0.2430341	0.0182573	4307.1060185	0.0848895	0.0188682	4659.6954756	0.0000000	0.0000000	0.0000000	0.0000000	0.0000000	0.0000000	4307.1060185	4659.6954756	0.0000000	0.0000000	5.2000000	27.0000000	0.0000130	371.0000000	28.5000000	24.0000000	70.0000000	6.0000000	17.0000000	0.0000000	3699.6202861	0.0000000	0.0000000	46.2740351	42.7725752
674	0.0000000	0.2429483	0.0182485	4292.3474562	0.0847886	0.0189863	4710.0773519	0.0000000	0.0000000	0.0000000	0.0000000	0.0000000	0.0000000	4292.3474562	4710.0773519	0.0000000	0.0000000	5.2000000	27.0000000	0.0000130	371.0000000	28.5000000	24.0000000	70.0000000	6.0000000	17.0000000	0.0000000	3782.3967439	0.0000000	0.0000000	46.3721235	42.2594475
675	0.0000000	0.2432634	0.0181324	4265.9298476	0.0853671	0.0184879	4598.7381219	0.0000000	0.0000000	0.0000000	0.0000000	0.0000000	0.0000000	4265.9298476	4598.7381219	0.0000000	0.0000000	5.2000000	27.0000000	0.0000130	371.0000000	28.5000000	24.0000000	70.0000000	6.0000000	17.0000000	0.0000000	3925.6515103	0.0000000	0.0000000	47.5723041	44.1295213
676	0.0000000	0.2432295	0.0181523	4329.7510815	0.0853681	0.0185497	4706.0043081	0.0000000	0.0000000	0.0000000	0.0000000	0.0000000	0.0000000	4329.7510815	4706.0043081	0.0000000	0.0000000	5.2000000	27.0000000	0.0000130	371.0000000	28.5000000	24.0000000	70.0000000	6.0000000	17.0000000	0.0000000	4018.7643900	0.0000000	0.0000000	48.3590922	44.4926987
677	0.0000000	0.2424749	0.0181747	3467.0182057	0.0859235	0.0184262	3765.4109099	0.0000000	0.0000000	0.0000000	0.0000000	0.0000000	0.0000000	3467.0182057	3765.4109099	0.0000000	0.0000000	5.2000000	27.0000000	0.0000130	371.0000000	28.5000000	24.0000000	70.0000000	6.0000000	17.0000000	0.0000000	2728.8003946	0.0000000	0.0000000	39.0112055	35.9197344
678	0.0000000	0.2425900	0.0183012	4221.1660050	0.0851770	0.0187168	4589.7428974	0.0000000	0.0000000	0.0000000	0.0000000	0.0000000	0.0000000	4221.1660050	4589.7428974	0.0000000	0.0000000	5.2000000	27.0000000	0.0000130	371.0000000	28.5000000	24.0000000	70.0000000	6.0000000	17.0000000	0.0000000	3970.4964562	0.0000000	0.0000000	45.9678890	42.2764618
679	0.0000000	0.2427234	0.0180393	4400.1965053	0.0849679	0.0187358	4745.3525232	0.0000000	0.0000000	0.0000000	0.0000000	0.0000000	0.0000000	4400.1965053	4745.3525232	0.0000000	0.0000000	5.2000000	27.0000000	0.0000130	371.0000000	28.5000000	24.0000000	70.0000000	6.0000000	17.0000000	0.0000000	4156.7026255	0.0000000	0.0000000	48.4908725	44.9638603
680	0.0000000	0.2435618	0.0180048	4312.8573613	0.0856600	0.0187783	4705.2052878	0.0000000	0.0000000	0.0000000	0.0000000	0.0000000	0.0000000	4312.8573613	4705.2052878	0.0000000	0.0000000	5.2000000	27.0000000	0.0000130	371.0000000	28.5000000	24.0000000	70.0000000	6.0000000	17.0000000	0.0000000	3746.6032490	0.0000000	0.0000000	48.0551336	44.0480115
681	0.0000000	0.2428323	0.0180986	4338.5549597	0.0852637	0.0187550	4703.1755089	0.0000000	0.0000000	0.0000000	0.0000000	0.0000000	0.0000000	4338.5549597	4703.1755089	0.0000000	0.0000000	5.2000000	27.0000000	0.0000130	371.0000000	28.5000000	24.0000000	70.0000000	6.0000000	17.0000000	0.0000000	4155.9885910	0.0000000	0.0000000	47.7506802	44.0487390
682	0.0000000	0.2435199	0.0182051	4375.1499343	0.0852841	0.0186595	4758.2053920	0.0000000	0.0000000	0.0000000	0.0000000	0.0000000	0.0000000	4375.1499343	4758.2053920	0.0000000	0.0000000	5.2000000	27.0000000	0.0000130	371.0000000	28.5000000	24.0000000	70.0000000	6.0000000	17.0000000	0.0000000	4358.6700518	0.0000000	0.0000000	48.2536817	44.3690583
683	0.0000000	0.2427059	0.0183641	4347.5866984	0.0854426	0.0188972	4782.8595067	0.0000000	0.0000000	0.0000000	0.0000000	0.0000000	0.0000000	4347.5866984	4782.8595067	0.0000000	0.0000000	5.2000000	27.0000000	0.0000130	371.0000000	28.5000000	24.0000000	70.0000000	6.0000000	17.0000000	0.0000000	4119.4917393	0.0000000	0.0000000	46.9752462	42.7001787
684	0.0000000	0.2435049	0.0183990	4418.6385513	0.0850905	0.0189105	4866.3799268	0.0000000	0.0000000	0.0000000	0.0000000	0.0000000	0.0000000	4418.6385513	4866.3799268	0.0000000	0.0000000	5.2000000	27.0000000	0.0000130	371.0000000	28.5000000	24.0000000	70.0000000	6.0000000	17.0000000	0.0000000	4330.7391501	0.0000000	0.0000000	47.6091558	43.2287767
685	0.0000000	0.2430229	0.0183281	4342.0219532	0.0853631	0.0187044	4710.1749684	0.0000000	0.0000000	0.0000000	0.0000000	0.0000000	0.0000000	4342.0219532	4710.1749684	0.0000000	0.0000000	5.2000000	27.0000000	0.0000130	371.0000000	28.5000000	24.0000000	70.0000000	6.0000000	17.0000000	0.0000000	4389.2102149	0.0000000	0.0000000	47.1167330	43.4340317
686	0.0000000	0.2430519	0.0181117	4326.3197364	0.0854462	0.0187423	4704.1476979	0.0000000	0.0000000	0.0000000	0.0000000	0.0000000	0.0000000	4326.3197364	4704.1476979	0.0000000	0.0000000	5.2000000	27.0000000	0.0000130	371.0000000	28.5000000	24.0000000	70.0000000	6.0000000	17.0000000	0.0000000	3969.8472585	0.0000000	0.0000000	47.7573248	43.9215497
687	0.0000000	0.2431708	0.0181589	4232.4418553	0.0851241	0.0187723	4632.5427038	0.0000000	0.0000000	0.0000000	0.0000000	0.0000000	0.0000000	4232.4418553	4632.5427038	0.0000000	0.0000000	5.2000000	27.0000000	0.0000130	371.0000000	28.5000000	24.0000000	70.0000000	6.0000000	17.0000000	0.0000000	3765.8165414	0.0000000	0.0000000	46.7346359	42.6982851
688	0.0000000	0.2423616	0.0180919	4256.7611537	0.0847659	0.0188843	4589.7651402	0.0000000	0.0000000	0.0000000	0.0000000	0.0000000	0.0000000	4256.7611537	4589.7651402	0.0000000	0.0000000	5.2000000	27.0000000	0.0000130	371.0000000	28.5000000	24.0000000	70.0000000	6.0000000	17.0000000	0.0000000	3795.5503388	0.0000000	0.0000000	46.1469966	42.7988658
689	0.0000000	0.2431562	0.0179864	4225.4566920	0.0859545	0.0185814	4479.1353735	0.0000000	0.0000000	0.0000000	0.0000000	0.0000000	0.0000000	4225.4566920	4479.1353735	0.0000000	0.0000000	5.2000000	27.0000000	0.0000130	371.0000000	28.5000000	24.0000000	70.0000000	6.0000000	17.0000000	0.0000000	3733.1112993	0.0000000	0.0000000	46.5466537	43.9104544
690	0.0000000	0.2425697	0.0181886	4229.2695000	0.0854433	0.0189447	4603.4771337	0.0000000	0.0000000	0.0000000	0.0000000	0.0000000	0.0000000	4229.2695000	4603.4771337	0.0000000	0.0000000	5.2000000	27.0000000	0.0000130	371.0000000	28.5000000	24.0000000	70.0000000	6.0000000	17.0000000	0.0000000	4155.3336355	0.0000000	0.0000000	45.6967749	41.9821737
691	0.0000000	0.2420776	0.0182465	4336.2631118	0.0851909	0.0190043	4793.3219979	0.0000000	0.0000000	0.0000000	0.0000000	0.0000000	0.0000000	4336.2631118	4793.3219979	0.0000000	0.0000000	5.2000000	27.0000000	0.0000130	371.0000000	28.5000000	24.0000000	70.0000000	6.0000000	17.0000000	0.0000000	4073.2648298	0.0000000	0.0000000	47.1325338	42.6382929
692	0.0000000	0.2429344	0.0180372	4352.3648851	0.0848875	0.0189800	4744.6525591	0.0000000	0.0000000	0.0000000	0.0000000	0.0000000	0.0000000	4352.3648851	4744.6525591	0.0000000	0.0000000	5.2000000	27.0000000	0.0000130	371.0000000	28.5000000	24.0000000	70.0000000	6.0000000	17.0000000	0.0000000	4084.5472837	0.0000000	0.0000000	47.5597390	43.6275017
693	0.0000000	0.2422707	0.0180053	4251.9132848	0.0845584	0.0188140	4591.5370255	0.0000000	0.0000000	0.0000000	0.0000000	0.0000000	0.0000000	4251.9132848	4591.5370255	0.0000000	0.0000000	5.2000000	27.0000000	0.0000130	371.0000000	28.5000000	24.0000000	70.0000000	6.0000000	17.0000000	0.0000000	4023.8055659	0.0000000	0.0000000	46.7591529	43.3005031
694	0.0000000	0.2426960	0.0180490	4339.7807802	0.0849631	0.0189524	4722.1756201	0.0000000	0.0000000	0.0000000	0.0000000	0.0000000	0.0000000	4339.7807802	4722.1756201	0.0000000	0.0000000	5.2000000	27.0000000	0.0000130	371.0000000	28.5000000	24.0000000	70.0000000	6.0000000	17.0000000	0.0000000	4218.3303819	0.0000000	0.0000000	47.3911009	43.5534393
695	0.0000000	0.2430705	0.0179862	4244.1619058	0.0856601	0.0185863	4535.2705134	0.0000000	0.0000000	0.0000000	0.0000000	0.0000000	0.0000000	4244.1619058	4535.2705134	0.0000000	0.0000000	5.2000000	27.0000000	0.0000130	371.0000000	28.5000000	24.0000000	70.0000000	6.0000000	17.0000000	0.0000000	4054.5524699	0.0000000	0.0000000	47.1125515	44.0885049
696	0.0000000	0.2429965	0.0184383	4424.2637050	0.0850607	0.0189644	4858.3117938	0.0000000	0.0000000	0.0000000	0.0000000	0.0000000	0.0000000	4424.2637050	4858.3117938	0.0000000	0.0000000	5.2000000	27.0000000	0.0000130	371.0000000	28.5000000	24.0000000	70.0000000	6.0000000	17.0000000	0.0000000	4564.5216815	0.0000000	0.0000000	47.1762812	42.9614890
697	0.0000000	0.2425125	0.0182684	4320.6752854	0.0850980	0.0186953	4652.7994998	0.0000000	0.0000000	0.0000000	0.0000000	0.0000000	0.0000000	4320.6752854	4652.7994998	0.0000000	0.0000000	5.2000000	27.0000000	0.0000130	371.0000000	28.5000000	24.0000000	70.0000000	6.0000000	17.0000000	0.0000000	3659.5184852	0.0000000	0.0000000	46.8053536	43.4643131
698	0.0000000	0.2432976	0.0183045	4438.1823014	0.0850823	0.0189851	4813.4633109	0.0000000	0.0000000	0.0000000	0.0000000	0.0000000	0.0000000	4438.1823014	4813.4633109	0.0000000	0.0000000	5.2000000	27.0000000	0.0000130	371.0000000	28.5000000	24.0000000	70.0000000	6.0000000	17.0000000	0.0000000	4341.6722270	0.0000000	0.0000000	47.1771590	43.4989983
699	0.0000000	0.2425961	0.0179560	4248.2818752	0.0852151	0.0186857	4584.2981741	0.0000000	0.0000000	0.0000000	0.0000000	0.0000000	0.0000000	4248.2818752	4584.2981741	0.0000000	0.0000000	5.2000000	27.0000000	0.0000130	371.0000000	28.5000000	24.0000000	70.0000000	6.0000000	17.0000000	0.0000000	3567.5141409	0.0000000	0.0000000	47.3614127	43.8899529
700	0.0000000	0.2429582	0.0180930	4337.4101195	0.0845423	0.0190265	4744.4472959	0.0000000	0.0000000	0.0000000	0.0000000	0.0000000	0.0000000	4337.4101195	4744.4472959	0.0000000	0.0000000	5.2000000	27.0000000	0.0000130	371.0000000	28.5000000	24.0000000	70.0000000	6.0000000	17.0000000	0.0000000	3814.0294721	0.0000000	0.0000000	47.1640254	43.1177139
701	0.0000000	0.2428848	0.0180721	4314.8536173	0.0849978	0.0190191	4708.0655929	0.0000000	0.0000000	0.0000000	0.0000000	0.0000000	0.0000000	4314.8536173	4708.0655929	0.0000000	0.0000000	5.2000000	27.0000000	0.0000130	371.0000000	28.5000000	24.0000000	70.0000000	6.0000000	17.0000000	0.0000000	3849.8203020	0.0000000	0.0000000	46.9107141	42.9927877
702	0.0000000	0.2422764	0.0181663	4365.0686163	0.0850137	0.0184531	4601.1895497	0.0000000	0.0000000	0.0000000	0.0000000	0.0000000	0.0000000	4365.0686163	4601.1895497	0.0000000	0.0000000	5.2000000	27.0000000	0.0000130	371.0000000	28.5000000	24.0000000	70.0000000	6.0000000	17.0000000	0.0000000	3514.1955236	0.0000000	0.0000000	47.5988828	45.1562334
703	0.0000000	0.2436040	0.0181912	4325.0750098	0.0851994	0.0189719	4813.3602133	0.0000000	0.0000000	0.0000000	0.0000000	0.0000000	0.0000000	4325.0750098	4813.3602133	0.0000000	0.0000000	5.2000000	27.0000000	0.0000130	371.0000000	28.5000000	24.0000000	70.0000000	6.0000000	17.0000000	0.0000000	4243.4697828	0.0000000	0.0000000	47.6671553	42.8316214
704	0.0000000	0.2430822	0.0184764	4338.7738099	0.0853831	0.0187937	4798.7357212	0.0000000	0.0000000	0.0000000	0.0000000	0.0000000	0.0000000	4338.7738099	4798.7357212	0.0000000	0.0000000	5.2000000	27.0000000	0.0000130	371.0000000	28.5000000	24.0000000	70.0000000	6.0000000	17.0000000	0.0000000	4226.2932327	0.0000000	0.0000000	47.0882123	42.5747768
705	0.0000000	0.2427852	0.0182067	4265.4005193	0.0850756	0.0188239	4605.5017014	0.0000000	0.0000000	0.0000000	0.0000000	0.0000000	0.0000000	4265.4005193	4605.5017014	0.0000000	0.0000000	5.2000000	27.0000000	0.0000130	371.0000000	28.5000000	24.0000000	70.0000000	6.0000000	17.0000000	0.0000000	4067.5657784	0.0000000	0.0000000	46.0889054	42.6853910
706	0.0000000	0.2433604	0.0181450	4300.0755926	0.0847007	0.0187328	4727.9902256	0.0000000	0.0000000	0.0000000	0.0000000	0.0000000	0.0000000	4300.0755926	4727.9902256	0.0000000	0.0000000	5.2000000	27.0000000	0.0000130	371.0000000	28.5000000	24.0000000	70.0000000	6.0000000	17.0000000	0.0000000	4069.0494124	0.0000000	0.0000000	47.9033760	43.5678012
707	0.0000000	0.2426727	0.0182958	4326.0704615	0.0847393	0.0187029	4687.7088348	0.0000000	0.0000000	0.0000000	0.0000000	0.0000000	0.0000000	4326.0704615	4687.7088348	0.0000000	0.0000000	5.2000000	27.0000000	0.0000130	371.0000000	28.5000000	24.0000000	70.0000000	6.0000000	17.0000000	0.0000000	3803.2584516	0.0000000	0.0000000	47.0216330	43.3940982
708	0.0000000	0.1515408	0.0118239	39.6855335	0.0190394	0.0001109	-8.9967382	0.0000000	0.0000000	0.0000000	0.0000000	0.0000000	0.0000000	39.6855335	-8.9967382	0.0000000	0.0000000	5.2000000	27.0000000	0.0000130	371.0000000	28.5000000	24.0000000	70.0000000	6.0000000	17.0000000	0.0000000	-1918.4013550	0.0000000	-0.0000000	-380.4596717	1678.2465651
709	0.0000000	0.2429977	0.0184065	4308.1566652	0.0848785	0.0188456	4707.8212054	0.0000000	0.0000000	0.0000000	0.0000000	0.0000000	0.0000000	4308.1566652	4707.8212054	0.0000000	0.0000000	5.2000000	27.0000000	0.0000130	371.0000000	28.5000000	24.0000000	70.0000000	6.0000000	17.0000000	0.0000000	3909.2926709	0.0000000	0.0000000	46.2677025	42.3398643
710	0.0000000	0.2427837	0.0185089	4207.6846683	0.0849251	0.0189065	4553.3268390	0.0000000	0.0000000	0.0000000	0.0000000	0.0000000	0.0000000	4207.6846683	4553.3268390	0.0000000	0.0000000	5.2000000	27.0000000	0.0000130	371.0000000	28.5000000	24.0000000	70.0000000	6.0000000	17.0000000	0.0000000	3868.1362438	0.0000000	0.0000000	44.1643258	40.8118203
711	0.0000000	0.2428543	0.0184594	4282.5060425	0.0856001	0.0187059	4600.3022699	0.0000000	0.0000000	0.0000000	0.0000000	0.0000000	0.0000000	4282.5060425	4600.3022699	0.0000000	0.0000000	5.2000000	27.0000000	0.0000130	371.0000000	28.5000000	24.0000000	70.0000000	6.0000000	17.0000000	0.0000000	3738.6095050	0.0000000	0.0000000	45.5219963	42.3772641
712	0.0000000	0.2430773	0.0185814	4358.3289066	0.0843551	0.0193295	4832.6059669	0.0000000	0.0000000	0.0000000	0.0000000	0.0000000	0.0000000	4358.3289066	4832.6059669	0.0000000	0.0000000	5.2000000	27.0000000	0.0000130	371.0000000	28.5000000	24.0000000	70.0000000	6.0000000	17.0000000	0.0000000	4080.8540159	0.0000000	0.0000000	45.0777627	40.6537834
713	0.0000000	0.2428387	0.0186299	4206.6482136	0.0852137	0.0186645	4473.1183712	0.0000000	0.0000000	0.0000000	0.0000000	0.0000000	0.0000000	4206.6482136	4473.1183712	0.0000000	0.0000000	5.2000000	27.0000000	0.0000130	371.0000000	28.5000000	24.0000000	70.0000000	6.0000000	17.0000000	0.0000000	3734.6745339	0.0000000	0.0000000	43.8028625	41.1934623
714	0.0000000	0.2432582	0.0184589	4256.7711482	0.0850256	0.0191302	4627.1080333	0.0000000	0.0000000	0.0000000	0.0000000	0.0000000	0.0000000	4256.7711482	4627.1080333	0.0000000	0.0000000	5.2000000	27.0000000	0.0000130	371.0000000	28.5000000	24.0000000	70.0000000	6.0000000	17.0000000	0.0000000	3913.5320712	0.0000000	0.0000000	44.2742325	40.7306841
715	0.0000000	0.2426239	0.0183317	4152.4906711	0.0854865	0.0189970	4519.4972243	0.0000000	0.0000000	0.0000000	0.0000000	0.0000000	0.0000000	4152.4906711	4519.4972243	0.0000000	0.0000000	5.2000000	27.0000000	0.0000130	371.0000000	28.5000000	24.0000000	70.0000000	6.0000000	17.0000000	0.0000000	3707.3319335	0.0000000	0.0000000	44.1556567	40.5699890
716	0.0000000	0.2427319	0.0186332	4266.9506393	0.0852656	0.0190390	4632.8021379	0.0000000	0.0000000	0.0000000	0.0000000	0.0000000	0.0000000	4266.9506393	4632.8021379	0.0000000	0.0000000	5.2000000	27.0000000	0.0000130	371.0000000	28.5000000	24.0000000	70.0000000	6.0000000	17.0000000	0.0000000	3850.8238356	0.0000000	0.0000000	44.0227416	40.5462741
717	0.0000000	0.2420471	0.0183478	4199.9892486	0.0852135	0.0186586	4503.1950168	0.0000000	0.0000000	0.0000000	0.0000000	0.0000000	0.0000000	4199.9892486	4503.1950168	0.0000000	0.0000000	5.2000000	27.0000000	0.0000130	371.0000000	28.5000000	24.0000000	70.0000000	6.0000000	17.0000000	0.0000000	3653.9477608	0.0000000	0.0000000	45.1396325	42.1003244
718	0.0000000	0.2439641	0.0181003	4275.3883490	0.0848748	0.0192162	4700.3059676	0.0000000	0.0000000	0.0000000	0.0000000	0.0000000	0.0000000	4275.3883490	4700.3059676	0.0000000	0.0000000	5.2000000	27.0000000	0.0000130	371.0000000	28.5000000	24.0000000	70.0000000	6.0000000	17.0000000	0.0000000	4194.8535945	0.0000000	0.0000000	46.0072634	41.8481093
719	0.0000000	0.2432392	0.0183142	4255.7123813	0.0853355	0.0189084	4573.5751677	0.0000000	0.0000000	0.0000000	0.0000000	0.0000000	0.0000000	4255.7123813	4573.5751677	0.0000000	0.0000000	5.2000000	27.0000000	0.0000130	371.0000000	28.5000000	24.0000000	70.0000000	6.0000000	17.0000000	0.0000000	3919.6289171	0.0000000	0.0000000	45.0630491	41.9311740
720	0.0000000	0.2430325	0.0180824	4347.9122958	0.0846075	0.0191134	4775.1827292	0.0000000	0.0000000	0.0000000	0.0000000	0.0000000	0.0000000	4347.9122958	4775.1827292	0.0000000	0.0000000	5.2000000	27.0000000	0.0000130	371.0000000	28.5000000	24.0000000	70.0000000	6.0000000	17.0000000	0.0000000	4304.0168532	0.0000000	0.0000000	47.1875198	42.9653082
721	0.0000000	0.2432317	0.0182924	4285.8961017	0.0850965	0.0190238	4755.3229044	0.0000000	0.0000000	0.0000000	0.0000000	0.0000000	0.0000000	4285.8961017	4755.3229044	0.0000000	0.0000000	5.2000000	27.0000000	0.0000130	371.0000000	28.5000000	24.0000000	70.0000000	6.0000000	17.0000000	0.0000000	4160.0164783	0.0000000	0.0000000	46.5111300	41.9197339
722	0.0000000	0.2426173	0.0179637	4364.4668842	0.0848351	0.0191842	4792.4795491	0.0000000	0.0000000	0.0000000	0.0000000	0.0000000	0.0000000	4364.4668842	4792.4795491	0.0000000	0.0000000	5.2000000	27.0000000	0.0000130	371.0000000	28.5000000	24.0000000	70.0000000	6.0000000	17.0000000	0.0000000	4457.7063060	0.0000000	0.0000000	47.5645499	43.3165965
723	0.0000000	0.2423906	0.0179182	4214.3723914	0.0849126	0.0190550	4652.3789213	0.0000000	0.0000000	0.0000000	0.0000000	0.0000000	0.0000000	4214.3723914	4652.3789213	0.0000000	0.0000000	5.2000000	27.0000000	0.0000130	371.0000000	28.5000000	24.0000000	70.0000000	6.0000000	17.0000000	0.0000000	4136.9321075	0.0000000	0.0000000	46.8219207	42.4137872
